0.5370437957
0.3798327718
0.3102912424
0.2690536591
0.2408637807
0.2198641894
0.2035063288
0.190276245
0.1792882812
0.1699983638
0.1620616576
0.1490597762
0.138782892
0.1303575778
0.1232892731
0.1144738096
0.107274873
0.1012981103
0.09472669787
0.08802275643
0.0826083063
0.07736041042
0.07235745616
0.06820576218
0.06386554506
0.05987393238
0.05591315463
0.05240811046
0.04912780823
0.04601266489
0.0431765185
0.04036508187
0.03792379338
0.03564633876
0.03361212536
0.03183711992
0.03026814043
0.02892587903
0.02781775902
0.02705366906
0.02666447447
0.02674537406
0.02731543427
0.02852138997
0.03037067784
0.03286339752
0.03603306164
0.03999592347
0.04475477746
0.05038150231
0.05701362081
0.06471037056
0.07358077455
0.0838069906
0.09554377884
0.1089807162
0.1243751027
0.1419825653
0.162099937
0.1851412837
0.2114251317
0.241473023
0.2758023167
0.3150068321
0.3597913605
0.4109874197
0.4694453925
0.536268276
0.6126140219
0.6998285443
0.7994241333
0.9132090964
1.043148773
1.191547515
1.361020094
1.554575106
1.775646258
2.028119206
2.31650074
2.645928193
3.022222787
3.452021216
3.942887814
4.503435511
5.143425412
5.8742454
6.709128309
7.662687583
8.752567396
9.998087106
11.42048122
13.04545703
