0.5392257324
0.3812888527
0.3113207014
0.2696115053
0.2411478104
0.2201368154
0.2038071035
0.1906441221
0.1797410506
0.1705173947
0.162582031
0.1495538977
0.139227329
0.1307815772
0.12370731
0.1149642958
0.107846759
0.101906423
0.09532601043
0.0886533236
0.08321152258
0.07784062126
0.07272336088
0.06850080281
0.06402092735
0.05995071853
0.05596663885
0.05244522257
0.04911869012
0.04603743801
0.04322082899
0.04045157412
0.03801901041
0.0357453137
0.03368379007
0.0318218321
0.03017550073
0.02882720333
0.02774934023
0.0270168371
0.02668191972
0.02679929537
0.02742729279
0.02862851137
0.03045901176
0.03296282792
0.03617206287
0.04015432947
0.04493618948
0.05058830402
0.05723419599
0.06493118165
0.07381146574
0.08406069901
0.09581875371
0.1092769432
0.1247031021
0.1423419524
0.1624891139
0.1855657622
0.2118941724
0.2419965954
0.2763957731
0.315689614
0.3605760821
0.411878101
0.4704437016
0.537370565
0.613806375
0.7011234752
0.8008439924
0.9147895557
1.044931558
1.193590788
1.363387522
1.55736629
1.778945964
2.032019581
2.321129025
2.651390162
3.028617616
3.459524413
3.951721978
4.513969691
5.156224801
5.889842063
6.727848254
7.68506695
8.77851781
10.0275164
11.45424818
13.08396812
