0.5402616645
0.3807612136
0.3105493977
0.2687980828
0.2403436739
0.2193572615
0.2030561998
0.1899219838
0.1790463603
0.1698483679
0.1619368054
0.1489510623
0.138660903
0.1302467093
0.1232000785
0.1144927123
0.107405408
0.1014911422
0.09494051537
0.08829903755
0.08288347578
0.07753921136
0.07244806801
0.06824765284
0.06379191612
0.0597442809
0.05578296448
0.05228228969
0.04897595862
0.04591401469
0.04311562163
0.04036486841
0.03794909441
0.03569158636
0.03364517612
0.03179721829
0.03016349364
0.02882557267
0.02775583474
0.02702839746
0.02669492815
0.02680973189
0.02743095449
0.02862129658
0.03043725292
0.03292352454
0.03611293257
0.04007347332
0.0448321707
0.05045975492
0.05707951729
0.06474874833
0.07359928942
0.08381625705
0.09553914236
0.1089587171
0.1243420715
0.1419332669
0.1620271342
0.1850437455
0.2113045446
0.241330445
0.2756428645
0.314838207
0.3596126885
0.410787182
0.4692076114
0.5359689379
0.6122160077
0.6993177761
0.7987926166
0.912457671
1.042279479
1.190573121
1.359952428
1.553454445
1.774489644
2.026941493
2.315340719
2.644790621
3.021091539
3.450940011
3.941928768
4.502795678
5.143473536
5.875289212
6.711237493
7.666105551
8.756871251
10.00280273
11.42603096
13.0517489
