87667.41822
61988.82766
50613.35593
43832.36371
39204.84342
35788.97801
33134.18574
30994.23039
29221.68193
27722.16457
26432.09045
24314.07229
22635.25324
21262.19949
20112.10599
18690.70192
17533.53947
16567.73987
15497.83082
14412.84221
13527.90363
12654.36018
11821.87029
11134.70071
10405.2915
9742.070502
9092.121274
8516.643012
7971.62103
7464.859262
6999.030418
6537.128411
6126.181442
5734.777597
5369.642185
5025.222925
4699.352611
4402.576331
4120.278614
3857.756724
3614.284229
3389.470605
3181.135911
2988.727952
2812.693516
2654.127571
2514.601315
2395.008109
2298.727522
2228.745004
2188.912291
2184.375986
2219.963816
2300.843198
2431.310315
2615.05195
2856.108922
3157.776871
3523.953686
3960.995091
4473.689727
5070.989681
5762.254997
6558.657322
7473.662666
8523.51183
9725.137551
11100.73349
12673.63643
14471.89099
16526.69417
18875.4664
21558.75569
24624.34429
28126.21412
32127.1152
36697.53271
41917.74284
47881.41408
54694.06132
62475.61838
71364.55534
81517.87786
93116.27449
106365.1459
121498.7228
138785.7287
158531.9534
181088.4901
206853.794
236285.523
269904.6557
