0.5605820319
0.3885139088
0.3150476942
0.2718942222
0.2426815192
0.2212276738
0.2046127757
0.1912547741
0.1802122854
0.1708855109
0.1628718065
0.1497348348
0.1393385839
0.1308462242
0.1237398716
0.1149657827
0.1078299227
0.1018791696
0.09529262581
0.08862000056
0.0831835234
0.07782332746
0.07272238425
0.06851890454
0.06406639873
0.06002938178
0.05608813433
0.05261615908
0.04935003834
0.0463410887
0.04360957943
0.04094870612
0.03863975455
0.03651581879
0.0346313109
0.03297932144
0.03158045938
0.03050798408
0.02974409873
0.02935178095
0.02937169525
0.02984277849
0.03080938306
0.03231966747
0.03441846662
0.03714422601
0.04052927076
0.04464679368
0.04952853221
0.05525183719
0.06194605704
0.0696725067
0.07856685073
0.08881708363
0.1005645609
0.1140015175
0.1293961013
0.1469930292
0.1670875693
0.1901000189
0.2163519059
0.2463640676
0.2806577407
0.3198290423
0.3645737871
0.4157123169
0.4740899707
0.5408009141
0.6169891317
0.7040225239
0.8034182733
0.9169920767
1.046708894
1.194881935
1.364122903
1.557466363
1.77831999
2.030564065
2.318725584
2.647903639
3.023893785
3.453387028
3.943969826
4.504372822
5.144520593
5.87573064
6.710986994
7.665064588
8.754927232
9.999827111
11.42187687
13.04624862
