87539.65391
61875.30643
50557.32238
43781.40821
39153.85444
35729.80614
33095.98302
30981.5476
29217.84213
27720.7308
26431.77791
24299.28193
22601.7323
21216.54236
20060.80213
18629.75876
17479.59071
16523.90078
15462.92446
14386.07936
13503.82602
12622.89712
11772.40191
11075.58903
10342.16996
9688.859646
9060.155278
8507.85302
7975.327198
7483.797457
7038.108328
6587.693371
6194.209059
5820.262109
5459.230491
5111.077822
4779.073998
4468.73525
4178.262615
3916.795587
3665.660563
3428.816393
3210.717919
3005.392427
2821.363015
2665.785049
2531.350881
2418.095295
2333.22824
2260.652241
2210.37614
2200.601869
2239.56184
2321.082418
2450.065918
2637.269726
2879.887671
3180.642239
3542.881814
3977.076138
4486.725582
5081.430516
5771.292737
6565.544301
7477.341352
8523.536681
9722.46634
11096.4213
12668.87416
14465.37918
16518.74862
18865.61564
21545.86105
24607.91536
28109.19445
32110.0947
36680.70667
41899.81639
47863.39765
54673.9591
62455.65193
71347.81178
81503.85249
93100.67934
106347.1628
121476.1258
138760.9322
158516.9
181101.1776
206904.7313
236370.9328
269996.6205
