87468.12394
61899.13314
50541.63473
43764.77864
39144.46355
35741.1803
33088.54435
30937.8495
29156.05381
27650.73839
26353.78678
24226.19491
22550.76784
21185.59553
20040.15545
18639.50889
17506.38249
16559.91093
15502.85998
14435.95694
13568.26548
12700.65995
11862.51784
11169.88967
10432.49981
9759.407756
9103.220888
8528.033722
7987.761783
7486.397537
7025.044206
6566.145362
6156.487544
5765.702744
5407.677271
5065.836543
4734.482016
4427.401857
4127.96465
3844.668935
3582.551122
3349.911427
3137.648632
2955.647585
2792.260552
2643.321013
2521.269423
2419.15931
2329.338106
2254.251312
2207.745657
2188.460589
2206.203252
2275.842713
2403.507916
2591.342538
2840.217893
3152.294439
3528.034429
3971.022143
4486.611205
5083.982521
5774.242107
6567.904965
7481.314488
8529.598653
9730.567561
11104.84469
12678.74522
14479.26106
16539.56743
18894.97358
21583.48922
24652.71901
28158.0079
32161.31937
36733.9321
41958.12894
47927.50755
54742.50616
62522.14461
71403.4911
81545.74518
93127.11978
106362.3644
121477.2451
138726.317
158433.8584
180942.6345
206648.0018
236014.5703
269617.8742
