0.5370628111
0.3803201567
0.3104534568
0.2688855648
0.2404147048
0.2194489141
0.2031362749
0.1901209037
0.1793659705
0.1702886606
0.1624084021
0.1494674924
0.1391748154
0.1307681609
0.1237607803
0.1151372342
0.108149769
0.1023176153
0.09583171662
0.08919185384
0.08377227514
0.07840952014
0.07324437196
0.06899717965
0.0644662616
0.060311983
0.05620967241
0.05256931092
0.04912732382
0.04592900125
0.04307013458
0.04027293911
0.0378385713
0.03555762067
0.03353051647
0.03164936829
0.03004659614
0.02874060307
0.02772632264
0.02704352257
0.02674156215
0.02684705559
0.02744384943
0.02862042497
0.03041761269
0.03287328287
0.03605877057
0.04003356335
0.04481779517
0.05048357289
0.05715915623
0.06489366123
0.0738024586
0.08408037406
0.09586499254
0.1093530384
0.1248065213
0.1424775739
0.1626565711
0.1857752755
0.212154642
0.2423144009
0.2767694819
0.3161200317
0.3610588317
0.4124105263
0.4710248289
0.5380156907
0.6145215297
0.7019449042
0.8017989536
0.9159052515
1.046224866
1.195082569
1.365071304
1.559237943
1.781061153
2.034441921
2.323917918
2.654646302
3.032409413
3.463841437
3.95663884
4.519564278
5.162487846
5.896703653
6.735200076
7.692424369
8.785194594
10.03328529
11.45978093
13.09045721
