87494.02903
61899.43805
50533.25866
43753.29363
39130.3936
35726.11095
33078.44358
30948.41032
29194.12147
27708.6763
26428.57803
24327.95548
22662.52541
21293.99185
20145.13908
18721.92635
17560.44603
16587.80605
15502.50883
14406.02899
13507.13814
12622.23385
11779.21911
11088.37513
10365.49204
9709.305411
9064.384207
8499.394292
7965.298468
7464.514139
7001.441992
6545.740281
6140.914878
5750.44657
5395.102412
5059.637685
4747.174031
4467.281472
4202.958508
3953.564072
3713.350693
3485.648494
3270.223146
3067.656142
2877.556965
2708.671094
2560.102551
2435.514154
2336.361678
2261.955517
2216.432424
2203.996016
2228.830232
2300.825341
2423.084744
2601.590361
2837.566764
3135.509379
3500.166113
3939.467967
4452.604427
5050.010439
5742.252142
6541.206958
7457.825935
8509.0563
9711.830909
11088.53387
12660.90126
14456.59659
16510.08595
18857.28445
21539.2253
24600.34721
28097.53967
32093.30841
36659.14337
41876.50111
47838.87305
54652.00284
62433.87951
71321.87164
81475.75613
93078.05144
106333.8093
121483.3074
138781.7785
158549.0194
181135.852
206934.4499
236376.9667
270017.6211
