87736.40956
62039.61841
50655.64891
43869.52619
39238.49848
35820.05158
33163.26383
31021.71109
29247.84996
27747.2317
26456.21914
24336.68219
22656.68392
21282.68644
20131.82016
18709.48839
17551.59812
16585.21413
15514.68744
14429.11154
13543.72976
12669.78755
11836.96142
11149.55346
10419.9384
9756.581434
9106.556949
8531.0706
7986.102914
7479.457474
7013.803629
6552.153598
6141.510743
5750.481846
5385.787404
5041.882225
4716.605031
4420.478647
4138.916964
3877.204408
3634.61251
3410.745669
3203.42542
3012.093326
2837.180258
2679.753192
2541.340641
2422.786284
2327.384807
2258.027177
2218.457838
2213.717677
2248.568802
2328.167115
2456.875242
2638.500933
2877.221599
3176.469162
3540.245339
3974.965605
4485.462517
5080.694091
5770.016588
6564.587252
7477.850988
8526.023593
9726.013843
11099.98679
12671.25257
14467.82698
16520.87794
18867.79403
21549.09118
24612.51608
28112.01245
32110.28773
36677.78079
41894.71637
47854.70419
54663.19392
62440.04617
71323.64729
81470.90866
93062.41095
106303.4327
121428.0659
138704.8752
158439.4702
180982.737
206732.8965
236147.3377
269746.7331
