0.5368271211
0.3794466219
0.3098393276
0.2684922833
0.2403490518
0.219540142
0.2033634888
0.1903359062
0.1794261174
0.1702124659
0.1622891367
0.1492328797
0.1388779277
0.130377081
0.123310788
0.1145918458
0.1075553434
0.1017090779
0.0952449312
0.0887292335
0.08338808283
0.07804400523
0.07292547667
0.06870503196
0.06427872481
0.06017805959
0.05614454718
0.05257033476
0.04915733422
0.04591709195
0.04292052732
0.04003860357
0.03753561687
0.03523319007
0.0331473801
0.03128046586
0.02961463977
0.02822326795
0.02710647437
0.0264313233
0.0261804084
0.02636920159
0.02709097794
0.02838653761
0.03027364304
0.03283044421
0.03610770498
0.04013838838
0.04496985513
0.05065695104
0.05733152851
0.06504716793
0.07394461629
0.0842193392
0.09600771996
0.1095032676
0.1249753098
0.1426675618
0.1628651607
0.1859924571
0.2123779343
0.2425566776
0.2770424466
0.3164332957
0.3614290392
0.4128557754
0.4715497481
0.5386221703
0.6152279669
0.7027469821
0.8026830103
0.916881617
1.047290713
1.196235886
1.366365163
1.560754928
1.782820983
2.036484747
2.326273699
2.657279567
3.035299108
3.467193877
3.960717696
4.524738841
5.169308344
5.905895981
6.747381954
7.708223912
8.80524255
10.05789588
11.48902513
13.12349392
