87846.4932
62117.54887
50719.34318
43924.74083
39287.93138
35865.22041
33205.12166
31060.90248
29284.83474
27782.35151
26489.73597
24367.5709
22685.49343
21309.79866
20157.5134
18733.43203
17574.12151
16606.55555
15534.72384
14447.83023
13561.3789
12686.38654
11852.56592
11164.3427
10433.86904
9769.738707
9118.964584
8542.822785
7997.243063
7490.037757
7023.878698
6561.738447
6150.670218
5759.247429
5394.197234
5049.968618
4724.397948
4428.016291
4146.223418
3884.306405
3641.533353
3417.504435
3210.034292
3018.556719
2843.492573
2685.895513
2547.27675
2428.455532
2332.700444
2262.870976
2222.676419
2217.135941
2250.997601
2329.415642
2456.773961
2636.90626
2874.008547
3171.527812
3533.466015
3966.219169
4474.60281
5067.537617
5754.341479
6546.127447
7456.289696
8500.985695
9697.065251
11066.61876
12632.87947
14423.77235
16470.36554
18809.92905
21482.85115
24536.72878
28025.33711
32011.18813
36564.50156
41765.25288
47706.76124
54494.14925
62246.90593
71102.98878
81218.82307
92774.43017
105974.4529
121052.2584
138275.5797
157949.0803
180422.5601
206093.0072
235416.3945
268911.783
