0.005002358748
0.0100047175
0.01500707624
0.02000943499
0.02501179374
0.03001415249
0.03501651124
0.04001886998
0.04502122873
0.05002358748
0.05502594623
0.06503066372
0.07503538122
0.08504009872
0.09504481621
0.1100518925
0.1250589687
0.1400660449
0.1600754799
0.1850872737
0.2100990674
0.2401132199
0.2751297311
0.3101462424
0.3551674711
0.4051910586
0.4652193636
0.5302500273
0.6052854085
0.6903255072
0.7853703234
0.9004245746
1.025483543
1.170551947
1.335629786
1.525719418
1.745823203
1.990938782
2.27607323
2.601226549
2.971401096
3.391599231
3.871825671
4.422085133
5.052382335
5.772721995
6.59310883
7.533552274
8.604057047
9.824632581
11.22529303
12.82104547
14.64190406
16.72788765
19.10901042
21.82529122
24.931756
28.47842835
32.52533658
37.15752078
42.44001162
48.47785863
55.37611134
63.25482637
72.25406976
82.53891934
94.27945532
107.6957815
123.0180063
140.5212596
160.5106851
183.3514552
209.4387561
239.2378071
273.273856
312.1571906
356.5731339
407.302054
465.2543801
531.4555957
607.0712506
693.4469791
792.1085007
904.8116433
1033.552348
1180.606688
1348.585895
1540.461369
1759.64472
2010.007773
2295.997625
2622.676663
