43753.79224
30937.61875
25254.27551
21886.99991
19584.36083
17880.23844
16549.99876
15474.24696
14587.05574
13836.7984
13192.0035
12132.82288
11296.45725
10613.75409
10040.40044
9327.200719
8749.47791
8271.254518
7738.428797
7200.152995
6768.562297
6337.949417
5924.261647
5580.591038
5209.08039
4871.6526
4541.01922
4249.79535
3972.615204
3717.713566
3480.623316
3251.19866
3045.93445
2852.845512
2669.678437
2499.358539
2335.103394
2185.772808
2043.552435
1916.190345
1798.610252
1688.858827
1585.528044
1486.479148
1391.015036
1299.402695
1210.054422
1124.454858
1043.890396
972.3523387
906.9387162
849.0858859
795.9201683
747.9414476
700.5448635
649.714675
600.0645098
555.8841486
514.0777913
473.5621731
445.3064752
424.9298488
404.6960223
381.2641682
360.0530183
334.1508328
301.0767714
268.52953
244.3797014
228.9133666
218.3192054
205.4929441
196.8709939
189.2252062
179.3554007
175.6276297
179.3058338
187.8915436
195.8363898
203.197883
207.7171492
208.7176666
204.0535088
195.2680581
175.3220213
145.5188113
114.1921454
91.9401307
76.30172902
69.09266277
51.03740938
20.68233704
