0.2803627869
0.1931512252
0.156296927
0.1347428656
0.1201872878
0.1095142894
0.1012575442
0.09462457708
0.08914470359
0.08451845291
0.08054501572
0.07403408285
0.06888369376
0.0646777381
0.06115892257
0.05681495244
0.05328234049
0.05033639264
0.04707536505
0.04377089857
0.04107749118
0.03842025889
0.03588922677
0.03380094635
0.03158519208
0.02957127358
0.02759835242
0.02585205113
0.02419864703
0.02266171475
0.02124925157
0.0198489722
0.01860334961
0.0174170485
0.01631031975
0.01526615981
0.0142777544
0.01337678891
0.01251847142
0.01171827671
0.01097318175
0.01028090042
0.009633176496
0.009026040378
0.008457716146
0.00792735193
0.007434299029
0.006973319554
0.006545768679
0.006148855612
0.005778721914
0.005436812303
0.005121192243
0.004829733444
0.004562787016
0.004319779986
0.004099653302
0.00390256414
0.003728490778
0.003577050273
0.003449092859
0.003344690599
0.003264430041
0.003208901017
0.003178666638
0.003174279369
0.003196242897
0.003245029995
0.003321057056
0.003424802868
0.003556794662
0.003717840503
0.003908869111
0.004131237782
0.004386688383
0.00467754283
0.005006626927
0.005377413053
0.005794261296
0.006262288918
0.006787534537
0.007377216532
0.008039709348
0.008784861888
0.009624041084
0.01057037694
0.01163909691
0.01284766356
0.0142162597
0.01576789149
0.01752908318
0.01953010034
