43578.10752
30814.11258
25159.55284
21788.7883
19488.47519
17790.45906
16470.76425
15406.9905
14525.85222
13780.43624
13139.1336
12086.25181
11251.69514
10569.1343
9997.407169
9290.804294
8715.556712
8235.43637
7703.557191
7164.176627
6724.242317
6289.967677
5876.096207
5534.464581
5171.825335
4842.083326
4518.927683
4232.784989
3961.768403
3709.754812
3478.069513
3248.29803
3043.824309
2849.008055
2667.176607
2495.537856
2332.96972
2184.685332
2043.312309
1911.393945
1788.428849
1674.036078
1566.845095
1466.188322
1371.757563
1283.395392
1200.976544
1123.60282
1051.474482
984.0907683
920.7542968
861.6621811
806.4251464
754.5981284
706.1565993
660.9000288
618.512971
578.8849285
541.8537052
507.1459838
474.7391581
444.4105127
416.0433627
389.5216892
364.7252959
341.5325401
319.8669946
299.6092068
280.6823971
262.9977969
246.4816767
231.0528681
216.6507555
203.2098763
190.6722208
178.9804841
168.0852301
157.9403679
148.4997235
139.723472
131.5752484
124.0200613
117.0269647
110.5669513
104.6144758
99.14672128
94.14303881
89.58568523
85.45899388
81.75016143
78.44823624
75.54462402
