0.2687641034
0.1901528527
0.1553129505
0.1344174737
0.12023845
0.1097530156
0.1016428155
0.09509756455
0.08965175537
0.08505507274
0.08110529821
0.07463804286
0.06952747528
0.06533643315
0.06181058928
0.05744691156
0.05389946228
0.05095863264
0.0476952081
0.0443940027
0.04168293705
0.0389945168
0.03642662984
0.03430588146
0.03205265361
0.03002621141
0.02801442514
0.02621594449
0.02449015524
0.02288198306
0.02142004691
0.0199761781
0.01867435734
0.017436855
0.01630752383
0.01523339801
0.01423283328
0.01331961739
0.01246307303
0.01165323022
0.01089979715
0.01021607008
0.009594744893
0.00901671223
0.008473737843
0.007973295516
0.007474445858
0.006996429937
0.006533162837
0.006088119945
0.005673265723
0.005318054961
0.005004945489
0.004719517474
0.004457471189
0.004223588004
0.003983559034
0.003755329347
0.003571336649
0.003429609935
0.003324839746
0.003231901042
0.003190808178
0.00317514697
0.003172423823
0.003201881353
0.003284619795
0.003388401189
0.003517620945
0.003649326078
0.003777881829
0.003896194308
0.004019698426
0.004179495593
0.00441688428
0.004728074034
0.005099409668
0.005492133112
0.005891132067
0.006288022237
0.006648578517
0.00697363767
0.007332384463
0.007810178455
0.008524466871
0.00955607167
0.01091501011
0.01258454737
0.01466268808
0.01700419982
0.01934351221
0.02209503854
