0.2702876117
0.1903167929
0.155173314
0.134288883
0.1200605977
0.1095688085
0.1014205234
0.09485587172
0.08942048198
0.08482377688
0.08087012234
0.07438099908
0.06923905658
0.06503458382
0.06151346933
0.05716245033
0.05362085745
0.05066530907
0.04739152513
0.04407196222
0.04136471182
0.03869252875
0.03614610724
0.03404431331
0.031813435
0.02978508134
0.0277973894
0.02603749421
0.02437076466
0.02282104048
0.02139646628
0.01998383085
0.01872691037
0.01752956704
0.01641227564
0.0153579088
0.0143596192
0.01344945548
0.01258221631
0.0117735841
0.01102056275
0.01032090877
0.009666355137
0.009052982827
0.008479109973
0.007944010882
0.007447188137
0.00698355579
0.006554704871
0.006158097229
0.005790207756
0.00545285743
0.005144562537
0.004863760201
0.004611371374
0.004387461169
0.004191716028
0.004024958921
0.00388779783
0.00378052692
0.003704213933
0.003659178475
0.003645838853
0.003664312663
0.003714440543
0.003795878515
0.003907957589
0.004050125456
0.004221645193
0.004421979216
0.004650647274
0.00490755164
0.005192594289
0.005506066231
0.005848449379
0.006220573133
0.006623400982
0.007058115014
0.007526281294
0.008029572649
0.008569842944
0.009149263187
0.009770149079
0.01043511611
0.01114694883
0.01190864729
0.01272351055
0.0135950374
0.01452706706
0.0155236153
0.01658908804
0.01772814035
