0.3475338552
0.2187801611
0.1706652955
0.1442268264
0.1270442116
0.1147692188
0.1054511988
0.09807252424
0.09204506814
0.0870027098
0.08270429033
0.07572255946
0.07025117969
0.06581479447
0.0621239299
0.05759220626
0.05392586521
0.05088065345
0.04752201607
0.04413101401
0.04137571243
0.03866453877
0.03608829151
0.03396694854
0.0317200385
0.02968108073
0.02768644665
0.02592308727
0.02425526481
0.02270632678
0.02128392302
0.01987473432
0.01862190554
0.01742930792
0.01631714883
0.0152682098
0.01427554475
0.0133708835
0.01250917884
0.01170591662
0.01095802198
0.01026317271
0.009613066215
0.00900371326
0.008433336568
0.007901096603
0.007406368111
0.006943932928
0.006515200217
0.006117433181
0.005746844948
0.005404978269
0.005090009141
0.0047999482
0.004535299498
0.004295661003
0.004080172386
0.003889181562
0.003722852136
0.003580995723
0.003464548462
0.003373652132
0.003308831775
0.003270487489
0.003258856143
0.003274027752
0.003315874495
0.003384162195
0.003478466832
0.003598354193
0.003743339129
0.003913118485
0.004107357898
0.004325972105
0.004569017774
0.004836819423
0.005129827901
0.005448684354
0.005794345261
0.006167879447
0.006570519734
0.007003762377
0.00746923621
0.007968815926
0.00850452165
0.009078551222
0.009693341141
0.01035148998
0.01105586297
0.01180946693
0.01261561052
0.01347779674
