43727.25026
30931.68239
25268.68318
21889.16601
19575.31571
17866.06929
16538.0191
15466.48891
14580.33028
13833.57997
13194.08564
12148.3704
11316.7441
10630.04763
10054.82006
9337.823154
8751.598567
8261.637431
7720.107931
7173.783235
6724.394742
6279.713054
5859.71286
5518.081354
5157.897562
4831.308793
4507.558474
4221.965433
3952.444204
3706.590513
3483.164915
3261.993416
3061.081383
2867.210708
2681.34291
2505.765119
2339.442337
2184.279419
2038.787936
1906.667806
1786.725866
1674.735809
1575.93252
1478.730592
1383.233498
1295.830708
1215.847334
1140.229558
1066.671136
998.253639
933.4386367
871.1965825
820.1400057
771.6640519
727.615346
683.9650446
644.8180384
605.7466538
567.559456
532.3313468
501.6122689
473.3307704
438.6005393
401.8783602
368.0424044
336.379362
303.3761499
279.3829113
266.2382722
253.6193315
239.6921494
235.7178791
232.0258501
227.8746176
225.5258
225.40682
225.9377161
228.6255611
233.3770047
243.8254601
259.3769382
276.5002255
292.7199876
309.9541338
325.7862616
336.9840537
342.1228405
337.353037
322.4969319
313.9602724
313.2497337
307.4953619
