0.2685915259
0.1899737547
0.1551651123
0.1344179156
0.120318528
0.1098274765
0.1016855047
0.09515295019
0.08971038132
0.0851032871
0.08117345296
0.07471952485
0.0695479162
0.06530002571
0.061755203
0.05737104302
0.05382469883
0.05084392633
0.04755535402
0.04420827256
0.04150082487
0.03879610434
0.03625391327
0.03414764062
0.03193701768
0.02992583073
0.02795733847
0.02619382616
0.0245300503
0.02297931558
0.02155455822
0.020145683
0.01890635138
0.01772514999
0.01662360345
0.01554859217
0.01452553
0.01359017257
0.01268770404
0.01184939514
0.01106866569
0.01034189933
0.009654021502
0.009016178468
0.008435643198
0.007890728396
0.00737187121
0.006889437933
0.006450215637
0.006023540044
0.005607318846
0.005236233633
0.004905916348
0.004589088015
0.004281466972
0.004042698507
0.003864518476
0.00372225218
0.003616619823
0.003547752953
0.003481613014
0.003433228824
0.003410859093
0.00340243822
0.003425353251
0.003482622048
0.003564428976
0.003683384878
0.003838923643
0.004025824316
0.004245501014
0.004476040149
0.00473280889
0.005016516115
0.005303256414
0.005578022935
0.005825462253
0.00603804329
0.00618892289
0.006315625916
0.006427018805
0.006550014301
0.006677421986
0.006804357405
0.006949400145
0.00721950567
0.007660706289
0.00816613414
0.00875950713
0.009366317369
0.009829216586
0.009692931035
