45087.96956
31108.79164
25186.33352
21718.84217
19375.78802
17657.04188
16327.03056
15258.35859
14375.32553
13629.75025
12989.31599
11939.76104
11109.41444
10431.26042
9863.852131
9163.330745
8593.605466
8118.463593
7592.46998
7059.432899
6624.935908
6196.247814
5787.892625
5450.949032
5093.413491
4768.421786
4450.019524
4168.164792
3901.276995
3653.16152
3425.110517
3198.992529
2997.813113
2806.175688
2627.349389
2458.584571
2298.775821
2153.044358
2014.142091
1884.566998
1763.824757
1651.539548
1546.364841
1447.645167
1355.078098
1268.509077
1187.814825
1112.115743
1041.607618
975.8004088
914.013413
856.439275
802.6985414
752.3588011
705.396975
661.6189467
620.7203091
582.5954847
547.0892864
513.941232
483.1314696
454.4500266
427.7891499
403.0426488
380.1016789
358.8577981
339.2455793
321.1621994
304.5454508
289.3245015
275.4439651
262.8448499
251.4879422
241.3326876
232.3472387
224.5033332
217.7812061
212.1658543
207.6452071
204.2135323
201.8691457
200.6136927
200.4529828
201.3967278
203.4589782
206.6584416
211.0196603
216.5736302
223.3598186
231.4264749
240.8337557
251.6544291
