44267.67059
31022.54668
25253.31131
21836.82183
19513.62257
17802.56827
16474.8007
15405.73301
14520.9764
13773.01073
13129.87029
12074.64321
11238.78293
10555.49555
9983.380777
9276.560198
8701.335767
8221.363982
7689.778596
7150.826275
6711.332354
6277.567779
5864.247978
5523.117214
5161.052172
4831.868344
4509.291376
4223.686027
3953.19912
3701.695586
3470.493742
3241.215305
3037.191728
2842.814503
2661.402073
2490.167521
2327.990625
2180.070994
2039.053679
1907.475346
1784.835555
1670.754135
1563.864255
1463.500472
1369.355938
1281.274287
1199.131312
1122.032772
1050.179414
983.0737259
920.0231783
861.2263738
806.29864
754.8009815
706.7133988
661.8418279
619.8797834
580.7255837
544.2280318
510.1291337
478.4202949
448.8997282
421.4737089
396.0535822
372.552052
350.8871282
331.0261473
312.904544
296.5054472
281.8100571
268.8212024
257.5442219
248.0066906
240.2361078
234.2652062
230.1238809
227.8379725
227.4225723
228.8803799
232.2018293
237.3654405
244.342629
253.1006591
263.6090927
275.8422392
289.7829685
305.4266648
322.7808567
341.868567
362.7250533
385.4018012
409.9630174
