43784.4834
31013.59721
25310.71326
21923.23494
19613.54311
17906.86879
16571.98387
15497.84394
14605.74732
13848.77488
13200.12201
12140.99435
11306.50713
10625.03014
10052.90812
9339.81932
8758.540325
8271.199128
7728.78436
7182.981834
6740.794673
6304.45617
5888.732915
5547.22243
5186.108518
4861.055921
4541.038979
4258.073873
3987.619201
3732.764537
3493.327217
3251.85544
3034.621451
2827.126342
2635.529671
2460.597999
2299.38794
2159.44369
2025.393273
1901.109419
1780.591809
1666.355285
1554.26619
1447.86072
1344.292971
1248.947974
1158.476248
1078.121788
1011.485862
946.4069314
883.2331509
829.303952
780.9533483
734.7821233
694.2781043
654.9580375
616.6924223
574.8134832
531.0180697
486.7599663
452.0840592
419.5671347
390.1877595
365.0195563
348.1899832
331.943649
318.9133621
312.9280765
307.7628562
302.5369002
298.4878482
291.5037803
282.6852707
274.0450566
260.2039922
244.5377609
232.2877144
215.4810143
198.6120032
188.4516212
184.8272142
180.5378959
181.7028767
184.6371985
196.390975
205.2615235
219.7169214
234.7583342
253.1994855
256.9557667
250.1264227
212.3459259
