0.2686468756
0.1900373708
0.1551804152
0.1343851735
0.1201780353
0.1097026366
0.1015166897
0.09492096428
0.08946875501
0.08485945298
0.08087927781
0.07437919711
0.0692447312
0.06504179779
0.06147661874
0.05708855041
0.05349870089
0.05053255903
0.04725347855
0.04399649559
0.04135871384
0.03876924856
0.03630182225
0.03424422429
0.03203765166
0.02998256506
0.0279559583
0.02614072147
0.02440455508
0.02281081848
0.02134380377
0.01990421157
0.01862433641
0.0174349906
0.01634087708
0.01531618981
0.01437226428
0.01350751536
0.01268818692
0.01186390229
0.01109057937
0.01034879084
0.009682571884
0.009069856919
0.008501410962
0.007970893705
0.007465270585
0.006968197928
0.006479442078
0.006030563953
0.005615441802
0.005255170827
0.004967187075
0.004720394707
0.004474480856
0.004257298906
0.004071970355
0.003880047357
0.003738770953
0.0036594822
0.003619156835
0.003611073986
0.003637241568
0.003675492232
0.003724459111
0.003802774154
0.003903023049
0.004023397165
0.004161543443
0.004307488436
0.004471266417
0.004661184997
0.004875004189
0.00510209335
0.005315728404
0.005535155099
0.0057796696
0.006058256649
0.006445321516
0.006988640037
0.007659961562
0.008439353596
0.009265824953
0.01013295456
0.01106818968
0.01211192922
0.01319517345
0.01421078968
0.01485363886
0.01468065246
0.01316430103
0.01009522413
